
lat1 = 37.0108518032
lon1 = 127.264325134


lat2 = 37.0107112474
lon2 = 127.264166214


lat3 = 37.0113013125
lon3 = 127.264059596


lat4 = 37.0113283526
lon4 = 127.264478691




